8 2
0
0 2 
0 0 4
0 1 3
1 0 2
1 1 0
2 0 7
2 1 1
3 0 1
3 1 2
4 0 5
4 1 5
5 0 6
5 1 2
6 0 3
6 1 5
7 0 2
7 1 5
40
0 1 
10 0 0 1 0 1 1 1 1 0 1 0 
4 0 0 0 1 1 
13 1 0 1 0 0 1 1 0 1 0 0 0 1 1 
4 0 0 0 0 0 
11 0 0 0 1 1 1 0 1 1 0 0 1 
15 0 0 1 1 0 0 1 1 1 0 1 1 1 0 0 1 
1 0 0 
5 0 0 1 0 1 0 
9 1 0 0 1 0 0 1 1 1 1 
15 1 0 1 0 0 1 0 1 0 1 1 1 1 1 0 0 
8 1 0 1 1 0 0 0 1 1 
4 0 0 1 1 0 
11 1 0 0 0 0 0 0 0 1 1 1 1 
7 1 0 1 0 1 0 1 1 
4 0 0 0 1 0 
12 0 0 1 0 1 0 1 1 1 1 0 0 0 
3 1 0 1 1 
7 1 0 1 1 0 0 1 1 
7 1 0 1 1 1 1 1 1 
9 1 0 1 0 1 0 1 1 1 1 
7 0 0 0 0 0 0 0 0 
2 0 0 1 
5 0 0 0 0 1 0 
12 1 0 0 0 1 1 0 1 1 1 1 1 1 
12 0 0 1 0 1 0 1 1 0 0 1 1 1 
12 1 0 0 1 1 1 0 1 0 1 1 0 0 
11 1 0 1 1 0 0 1 0 1 0 1 0 
13 0 0 0 0 1 0 1 1 0 0 1 1 0 0 
13 0 0 1 0 1 0 1 1 0 0 1 1 1 0 
2 0 0 0 
12 1 0 0 1 0 1 0 1 0 1 1 0 0 
1 0 0 
2 0 0 1 
3 1 0 0 1 
0 1 
6 0 0 0 1 0 0 0 
8 0 0 1 1 1 0 0 1 0 
2 0 0 0 
15 0 0 1 1 1 0 0 0 1 1 1 0 0 0 0 1 
