13 6
0
1 3 4 5 6 
0 0 1
0 1 2
0 2 12
0 3 12
0 4 12
0 5 12
1 0 2
1 1 1
1 2 11
1 3 8
1 4 4
1 5 9
2 0 2
2 1 1
2 2 12
2 3 12
2 4 12
2 5 12
3 0 12
3 1 12
3 2 11
3 3 8
3 4 4
3 5 9
4 0 12
4 1 12
4 2 6
4 3 10
4 4 3
4 5 10
5 0 12
5 1 12
5 2 6
5 3 11
5 4 9
5 5 3
6 0 12
6 1 12
6 2 10
6 3 11
6 4 5
6 5 5
7 0 12
7 1 12
7 2 9
7 3 4
7 4 10
7 5 4
8 0 12
8 1 12
8 2 11
8 3 7
8 4 3
8 5 11
9 0 12
9 1 12
9 2 8
9 3 8
9 4 9
9 5 10
10 0 12
10 1 12
10 2 5
10 3 9
10 4 8
10 5 7
11 0 12
11 1 12
11 2 11
11 3 10
11 4 7
11 5 5
12 0 12
12 1 12
12 2 12
12 3 12
12 4 12
12 5 12
