17 7
0
0 1 2 3 10 11 
0 0 5
0 1 6
0 2 8
0 3 6
0 4 15
0 5 11
0 6 15
1 0 6
1 1 7
1 2 4
1 3 8
1 4 15
1 5 11
1 6 15
2 0 2
2 1 2
2 2 6
2 3 1
2 4 15
2 5 11
2 6 15
3 0 0
3 1 2
3 2 6
3 3 7
3 4 15
3 5 11
3 6 15
4 0 0
4 1 4
4 2 6
4 3 7
4 4 16
4 5 16
4 6 16
5 0 3
5 1 6
5 2 1
5 3 8
5 4 16
5 5 16
5 6 16
6 0 2
6 1 5
6 2 7
6 3 1
6 4 16
6 5 16
6 6 16
7 0 4
7 1 7
7 2 3
7 3 3
7 4 16
7 5 16
7 6 16
8 0 1
8 1 7
8 2 1
8 3 4
8 4 16
8 5 16
8 6 16
9 0 16
9 1 16
9 2 16
9 3 16
9 4 15
9 5 11
9 6 15
10 0 16
10 1 16
10 2 16
10 3 16
10 4 13
10 5 10
10 6 10
11 0 16
11 1 16
11 2 16
11 3 16
11 4 15
11 5 12
11 6 15
12 0 16
12 1 16
12 2 16
12 3 16
12 4 14
12 5 13
12 6 9
13 0 16
13 1 16
13 2 16
13 3 16
13 4 11
13 5 14
13 6 10
14 0 16
14 1 16
14 2 16
14 3 16
14 4 15
14 5 15
14 6 15
15 0 16
15 1 16
15 2 16
15 3 16
15 4 10
15 5 13
15 6 9
16 0 16
16 1 16
16 2 16
16 3 16
16 4 16
16 5 16
16 6 16
