20 9
0
1 3 4 10 11 12 13 
0 0 6
0 1 4
0 2 3
0 3 4
0 4 2
0 5 19
0 6 19
0 7 19
0 8 19
1 0 8
1 1 2
1 2 4
1 3 5
1 4 0
1 5 14
1 6 13
1 7 14
1 8 15
2 0 8
2 1 9
2 2 8
2 3 5
2 4 7
2 5 19
2 6 19
2 7 19
2 8 19
3 0 4
3 1 3
3 2 2
3 3 3
3 4 9
3 5 14
3 6 13
3 7 14
3 8 15
4 0 7
4 1 7
4 2 5
4 3 3
4 4 8
4 5 14
4 6 13
4 7 14
4 8 15
5 0 4
5 1 8
5 2 6
5 3 7
5 4 2
5 5 19
5 6 19
5 7 19
5 8 19
6 0 3
6 1 2
6 2 2
6 3 7
6 4 6
6 5 19
6 6 19
6 7 19
6 8 19
7 0 1
7 1 5
7 2 3
7 3 3
7 4 7
7 5 19
7 6 19
7 7 19
7 8 19
8 0 6
8 1 4
8 2 5
8 3 1
8 4 6
8 5 19
8 6 19
8 7 19
8 8 19
9 0 8
9 1 6
9 2 9
9 3 2
9 4 0
9 5 19
9 6 19
9 7 19
9 8 19
10 0 19
10 1 19
10 2 19
10 3 19
10 4 19
10 5 14
10 6 13
10 7 14
10 8 15
11 0 19
11 1 19
11 2 19
11 3 19
11 4 19
11 5 16
11 6 10
11 7 18
11 8 16
12 0 19
12 1 19
12 2 19
12 3 19
12 4 19
12 5 10
12 6 12
12 7 17
12 8 10
13 0 19
13 1 19
13 2 19
13 3 19
13 4 19
13 5 10
13 6 13
13 7 11
13 8 14
14 0 19
14 1 19
14 2 19
14 3 19
14 4 19
14 5 17
14 6 11
14 7 18
14 8 10
15 0 19
15 1 19
15 2 19
15 3 19
15 4 19
15 5 13
15 6 15
15 7 11
15 8 11
16 0 19
16 1 19
16 2 19
16 3 19
16 4 19
16 5 12
16 6 12
16 7 11
16 8 12
17 0 19
17 1 19
17 2 19
17 3 19
17 4 19
17 5 15
17 6 18
17 7 10
17 8 16
18 0 19
18 1 19
18 2 19
18 3 19
18 4 19
18 5 12
18 6 17
18 7 17
18 8 11
19 0 19
19 1 19
19 2 19
19 3 19
19 4 19
19 5 19
19 6 19
19 7 19
19 8 19
