16 7
0
1 3 4 13 
0 0 5
0 1 2
0 2 8
0 3 3
0 4 3
0 5 15
0 6 15
1 0 5
1 1 10
1 2 9
1 3 1
1 4 6
1 5 14
1 6 14
2 0 3
2 1 1
2 2 5
2 3 2
2 4 4
2 5 15
2 6 15
3 0 5
3 1 7
3 2 11
3 3 9
3 4 6
3 5 14
3 6 14
4 0 11
4 1 8
4 2 6
4 3 10
4 4 10
4 5 14
4 6 14
5 0 8
5 1 2
5 2 4
5 3 1
5 4 9
5 5 15
5 6 15
6 0 10
6 1 4
6 2 0
6 3 2
6 4 11
6 5 15
6 6 15
7 0 4
7 1 0
7 2 7
7 3 3
7 4 5
7 5 15
7 6 15
8 0 5
8 1 2
8 2 6
8 3 3
8 4 8
8 5 15
8 6 15
9 0 0
9 1 3
9 2 3
9 3 5
9 4 7
9 5 15
9 6 15
10 0 7
10 1 8
10 2 10
10 3 4
10 4 7
10 5 15
10 6 15
11 0 0
11 1 8
11 2 1
11 3 8
11 4 0
11 5 15
11 6 15
12 0 15
12 1 15
12 2 15
12 3 15
12 4 15
12 5 14
12 6 14
13 0 15
13 1 15
13 2 15
13 3 15
13 4 15
13 5 13
13 6 13
14 0 15
14 1 15
14 2 15
14 3 15
14 4 15
14 5 14
14 6 13
15 0 15
15 1 15
15 2 15
15 3 15
15 4 15
15 5 15
15 6 15
