13 6
0
1 2 8 9 
0 0 6
0 1 6
0 2 1
0 3 12
0 4 12
0 5 12
1 0 2
1 1 2
1 2 4
1 3 9
1 4 11
1 5 10
2 0 6
2 1 6
2 2 4
2 3 9
2 4 11
2 5 10
3 0 5
3 1 6
3 2 0
3 3 12
3 4 12
3 5 12
4 0 1
4 1 4
4 2 5
4 3 12
4 4 12
4 5 12
5 0 2
5 1 0
5 2 1
5 3 12
5 4 12
5 5 12
6 0 3
6 1 4
6 2 1
6 3 12
6 4 12
6 5 12
7 0 12
7 1 12
7 2 12
7 3 9
7 4 11
7 5 10
8 0 12
8 1 12
8 2 12
8 3 7
8 4 10
8 5 8
9 0 12
9 1 12
9 2 12
9 3 11
9 4 10
9 5 11
10 0 12
10 1 12
10 2 12
10 3 10
10 4 10
10 5 8
11 0 12
11 1 12
11 2 12
11 3 9
11 4 11
11 5 8
12 0 12
12 1 12
12 2 12
12 3 12
12 4 12
12 5 12
