19 8
0
1 3 4 13 14 
0 0 3
0 1 4
0 2 3
0 3 7
0 4 5
0 5 18
0 6 18
0 7 18
1 0 8
1 1 3
1 2 9
1 3 10
1 4 1
1 5 16
1 6 15
1 7 13
2 0 7
2 1 5
2 2 10
2 3 1
2 4 11
2 5 18
2 6 18
2 7 18
3 0 1
3 1 2
3 2 8
3 3 5
3 4 4
3 5 16
3 6 15
3 7 13
4 0 4
4 1 6
4 2 0
4 3 8
4 4 6
4 5 16
4 6 15
4 7 13
5 0 1
5 1 10
5 2 10
5 3 9
5 4 6
5 5 18
5 6 18
5 7 18
6 0 8
6 1 10
6 2 8
6 3 8
6 4 11
6 5 18
6 6 18
6 7 18
7 0 0
7 1 4
7 2 3
7 3 8
7 4 8
7 5 18
7 6 18
7 7 18
8 0 4
8 1 11
8 2 2
8 3 11
8 4 2
8 5 18
8 6 18
8 7 18
9 0 2
9 1 9
9 2 5
9 3 3
9 4 5
9 5 18
9 6 18
9 7 18
10 0 7
10 1 9
10 2 9
10 3 2
10 4 5
10 5 18
10 6 18
10 7 18
11 0 3
11 1 7
11 2 6
11 3 1
11 4 7
11 5 18
11 6 18
11 7 18
12 0 18
12 1 18
12 2 18
12 3 18
12 4 18
12 5 16
12 6 15
12 7 13
13 0 18
13 1 18
13 2 18
13 3 18
13 4 18
13 5 14
13 6 15
13 7 17
14 0 18
14 1 18
14 2 18
14 3 18
14 4 18
14 5 12
14 6 17
14 7 12
15 0 18
15 1 18
15 2 18
15 3 18
15 4 18
15 5 17
15 6 12
15 7 16
16 0 18
16 1 18
16 2 18
16 3 18
16 4 18
16 5 13
16 6 16
16 7 17
17 0 18
17 1 18
17 2 18
17 3 18
17 4 18
17 5 14
17 6 14
17 7 12
18 0 18
18 1 18
18 2 18
18 3 18
18 4 18
18 5 18
18 6 18
18 7 18
