18 8
0
1 3 4 12 13 
0 0 9
0 1 1
0 2 6
0 3 9
0 4 0
0 5 17
0 6 17
0 7 17
1 0 10
1 1 8
1 2 5
1 3 2
1 4 9
1 5 11
1 6 15
1 7 14
2 0 2
2 1 7
2 2 0
2 3 6
2 4 4
2 5 17
2 6 17
2 7 17
3 0 10
3 1 1
3 2 1
3 3 10
3 4 7
3 5 11
3 6 15
3 7 14
4 0 0
4 1 8
4 2 8
4 3 1
4 4 8
4 5 11
4 6 15
4 7 14
5 0 10
5 1 2
5 2 1
5 3 6
5 4 2
5 5 17
5 6 17
5 7 17
6 0 4
6 1 10
6 2 8
6 3 7
6 4 8
6 5 17
6 6 17
6 7 17
7 0 5
7 1 9
7 2 8
7 3 2
7 4 9
7 5 17
7 6 17
7 7 17
8 0 6
8 1 4
8 2 9
8 3 10
8 4 1
8 5 17
8 6 17
8 7 17
9 0 7
9 1 3
9 2 2
9 3 4
9 4 2
9 5 17
9 6 17
9 7 17
10 0 9
10 1 2
10 2 10
10 3 8
10 4 5
10 5 17
10 6 17
10 7 17
11 0 17
11 1 17
11 2 17
11 3 17
11 4 17
11 5 11
11 6 15
11 7 14
12 0 17
12 1 17
12 2 17
12 3 17
12 4 17
12 5 16
12 6 13
12 7 14
13 0 17
13 1 17
13 2 17
13 3 17
13 4 17
13 5 15
13 6 16
13 7 14
14 0 17
14 1 17
14 2 17
14 3 17
14 4 17
14 5 13
14 6 16
14 7 15
15 0 17
15 1 17
15 2 17
15 3 17
15 4 17
15 5 12
15 6 14
15 7 11
16 0 17
16 1 17
16 2 17
16 3 17
16 4 17
16 5 12
16 6 11
16 7 16
17 0 17
17 1 17
17 2 17
17 3 17
17 4 17
17 5 17
17 6 17
17 7 17
