17 7
0
0 1 2 3 11 12 
0 0 2
0 1 2
0 2 3
0 3 4
0 4 11
0 5 13
0 6 12
1 0 6
1 1 7
1 2 6
1 3 6
1 4 11
1 5 13
1 6 12
2 0 3
2 1 1
2 2 7
2 3 3
2 4 11
2 5 13
2 6 12
3 0 4
3 1 8
3 2 2
3 3 1
3 4 11
3 5 13
3 6 12
4 0 5
4 1 2
4 2 0
4 3 0
4 4 16
4 5 16
4 6 16
5 0 3
5 1 6
5 2 9
5 3 2
5 4 16
5 5 16
5 6 16
6 0 4
6 1 2
6 2 9
6 3 7
6 4 16
6 5 16
6 6 16
7 0 1
7 1 1
7 2 9
7 3 7
7 4 16
7 5 16
7 6 16
8 0 2
8 1 2
8 2 9
8 3 0
8 4 16
8 5 16
8 6 16
9 0 4
9 1 0
9 2 2
9 3 2
9 4 16
9 5 16
9 6 16
10 0 16
10 1 16
10 2 16
10 3 16
10 4 11
10 5 13
10 6 12
11 0 16
11 1 16
11 2 16
11 3 16
11 4 12
11 5 14
11 6 10
12 0 16
12 1 16
12 2 16
12 3 16
12 4 10
12 5 10
12 6 13
13 0 16
13 1 16
13 2 16
13 3 16
13 4 14
13 5 15
13 6 15
14 0 16
14 1 16
14 2 16
14 3 16
14 4 12
14 5 10
14 6 10
15 0 16
15 1 16
15 2 16
15 3 16
15 4 12
15 5 12
15 6 11
16 0 16
16 1 16
16 2 16
16 3 16
16 4 16
16 5 16
16 6 16
