16 7
0
1 3 4 13 
0 0 5
0 1 3
0 2 5
0 3 1
0 4 5
0 5 15
0 6 15
1 0 3
1 1 1
1 2 0
1 3 10
1 4 4
1 5 14
1 6 14
2 0 11
2 1 9
2 2 5
2 3 5
2 4 11
2 5 15
2 6 15
3 0 0
3 1 0
3 2 8
3 3 11
3 4 3
3 5 14
3 6 14
4 0 8
4 1 2
4 2 3
4 3 11
4 4 9
4 5 14
4 6 14
5 0 4
5 1 7
5 2 7
5 3 10
5 4 6
5 5 15
5 6 15
6 0 2
6 1 11
6 2 4
6 3 6
6 4 5
6 5 15
6 6 15
7 0 11
7 1 11
7 2 2
7 3 1
7 4 6
7 5 15
7 6 15
8 0 4
8 1 8
8 2 1
8 3 6
8 4 6
8 5 15
8 6 15
9 0 1
9 1 6
9 2 8
9 3 11
9 4 10
9 5 15
9 6 15
10 0 5
10 1 9
10 2 11
10 3 7
10 4 6
10 5 15
10 6 15
11 0 3
11 1 8
11 2 1
11 3 6
11 4 9
11 5 15
11 6 15
12 0 15
12 1 15
12 2 15
12 3 15
12 4 15
12 5 14
12 6 14
13 0 15
13 1 15
13 2 15
13 3 15
13 4 15
13 5 12
13 6 13
14 0 15
14 1 15
14 2 15
14 3 15
14 4 15
14 5 14
14 6 13
15 0 15
15 1 15
15 2 15
15 3 15
15 4 15
15 5 15
15 6 15
