20 8
0
0 1 2 3 9 10 11 12 
0 0 4
0 1 6
0 2 3
0 3 2
0 4 9
0 5 10
0 6 13
0 7 16
1 0 2
1 1 7
1 2 2
1 3 8
1 4 9
1 5 10
1 6 13
1 7 16
2 0 0
2 1 7
2 2 4
2 3 3
2 4 9
2 5 10
2 6 13
2 7 16
3 0 4
3 1 5
3 2 7
3 3 8
3 4 9
3 5 10
3 6 13
3 7 16
4 0 1
4 1 7
4 2 0
4 3 5
4 4 19
4 5 19
4 6 19
4 7 19
5 0 3
5 1 5
5 2 4
5 3 1
5 4 19
5 5 19
5 6 19
5 7 19
6 0 1
6 1 0
6 2 4
6 3 5
6 4 19
6 5 19
6 6 19
6 7 19
7 0 3
7 1 8
7 2 5
7 3 0
7 4 19
7 5 19
7 6 19
7 7 19
8 0 2
8 1 1
8 2 7
8 3 3
8 4 19
8 5 19
8 6 19
8 7 19
9 0 19
9 1 19
9 2 19
9 3 19
9 4 9
9 5 10
9 6 13
9 7 16
10 0 19
10 1 19
10 2 19
10 3 19
10 4 14
10 5 13
10 6 14
10 7 9
11 0 19
11 1 19
11 2 19
11 3 19
11 4 11
11 5 16
11 6 10
11 7 10
12 0 19
12 1 19
12 2 19
12 3 19
12 4 13
12 5 10
12 6 14
12 7 12
13 0 19
13 1 19
13 2 19
13 3 19
13 4 11
13 5 18
13 6 14
13 7 9
14 0 19
14 1 19
14 2 19
14 3 19
14 4 15
14 5 14
14 6 16
14 7 12
15 0 19
15 1 19
15 2 19
15 3 19
15 4 17
15 5 11
15 6 18
15 7 13
16 0 19
16 1 19
16 2 19
16 3 19
16 4 18
16 5 14
16 6 10
16 7 14
17 0 19
17 1 19
17 2 19
17 3 19
17 4 16
17 5 14
17 6 10
17 7 13
18 0 19
18 1 19
18 2 19
18 3 19
18 4 15
18 5 10
18 6 9
18 7 12
19 0 19
19 1 19
19 2 19
19 3 19
19 4 19
19 5 19
19 6 19
19 7 19
