14 6
0
1 2 8 9 
0 0 3
0 1 4
0 2 6
0 3 13
0 4 13
0 5 13
1 0 1
1 1 0
1 2 1
1 3 12
1 4 11
1 5 8
2 0 3
2 1 0
2 2 4
2 3 12
2 4 11
2 5 8
3 0 6
3 1 3
3 2 6
3 3 13
3 4 13
3 5 13
4 0 5
4 1 2
4 2 3
4 3 13
4 4 13
4 5 13
5 0 1
5 1 3
5 2 6
5 3 13
5 4 13
5 5 13
6 0 4
6 1 1
6 2 1
6 3 13
6 4 13
6 5 13
7 0 13
7 1 13
7 2 13
7 3 12
7 4 11
7 5 8
8 0 13
8 1 13
8 2 13
8 3 9
8 4 9
8 5 10
9 0 13
9 1 13
9 2 13
9 3 8
9 4 10
9 5 9
10 0 13
10 1 13
10 2 13
10 3 8
10 4 11
10 5 11
11 0 13
11 1 13
11 2 13
11 3 8
11 4 8
11 5 12
12 0 13
12 1 13
12 2 13
12 3 11
12 4 11
12 5 8
13 0 13
13 1 13
13 2 13
13 3 13
13 4 13
13 5 13
