19 8
0
1 3 4 12 13 
0 0 0
0 1 9
0 2 4
0 3 10
0 4 8
0 5 18
0 6 18
0 7 18
1 0 4
1 1 5
1 2 10
1 3 0
1 4 0
1 5 17
1 6 16
1 7 17
2 0 0
2 1 1
2 2 8
2 3 10
2 4 2
2 5 18
2 6 18
2 7 18
3 0 8
3 1 1
3 2 10
3 3 6
3 4 9
3 5 17
3 6 16
3 7 17
4 0 1
4 1 3
4 2 5
4 3 6
4 4 8
4 5 17
4 6 16
4 7 17
5 0 10
5 1 7
5 2 5
5 3 10
5 4 3
5 5 18
5 6 18
5 7 18
6 0 3
6 1 5
6 2 4
6 3 10
6 4 7
6 5 18
6 6 18
6 7 18
7 0 0
7 1 1
7 2 5
7 3 6
7 4 5
7 5 18
7 6 18
7 7 18
8 0 6
8 1 10
8 2 8
8 3 10
8 4 6
8 5 18
8 6 18
8 7 18
9 0 5
9 1 2
9 2 5
9 3 8
9 4 1
9 5 18
9 6 18
9 7 18
10 0 6
10 1 9
10 2 4
10 3 8
10 4 7
10 5 18
10 6 18
10 7 18
11 0 18
11 1 18
11 2 18
11 3 18
11 4 18
11 5 17
11 6 16
11 7 17
12 0 18
12 1 18
12 2 18
12 3 18
12 4 18
12 5 13
12 6 15
12 7 12
13 0 18
13 1 18
13 2 18
13 3 18
13 4 18
13 5 12
13 6 15
13 7 13
14 0 18
14 1 18
14 2 18
14 3 18
14 4 18
14 5 17
14 6 12
14 7 11
15 0 18
15 1 18
15 2 18
15 3 18
15 4 18
15 5 12
15 6 17
15 7 12
16 0 18
16 1 18
16 2 18
16 3 18
16 4 18
16 5 12
16 6 13
16 7 17
17 0 18
17 1 18
17 2 18
17 3 18
17 4 18
17 5 15
17 6 14
17 7 17
18 0 18
18 1 18
18 2 18
18 3 18
18 4 18
18 5 18
18 6 18
18 7 18
