16 7
0
1 6 8 9 
0 0 2
0 1 0
0 2 15
0 3 15
0 4 15
0 5 15
0 6 15
1 0 2
1 1 2
1 2 7
1 3 13
1 4 9
1 5 8
1 6 9
2 0 3
2 1 1
2 2 15
2 3 15
2 4 15
2 5 15
2 6 15
3 0 4
3 1 2
3 2 15
3 3 15
3 4 15
3 5 15
3 6 15
4 0 1
4 1 4
4 2 15
4 3 15
4 4 15
4 5 15
4 6 15
5 0 15
5 1 15
5 2 7
5 3 13
5 4 9
5 5 8
5 6 9
6 0 15
6 1 15
6 2 7
6 3 14
6 4 11
6 5 11
6 6 5
7 0 15
7 1 15
7 2 8
7 3 12
7 4 8
7 5 10
7 6 6
8 0 15
8 1 15
8 2 9
8 3 11
8 4 5
8 5 13
8 6 9
9 0 15
9 1 15
9 2 10
9 3 6
9 4 12
9 5 6
9 6 9
10 0 15
10 1 15
10 2 7
10 3 8
10 4 8
10 5 14
10 6 12
11 0 15
11 1 15
11 2 10
11 3 13
11 4 11
11 5 7
11 6 12
12 0 15
12 1 15
12 2 5
12 3 8
12 4 14
12 5 10
12 6 12
13 0 15
13 1 15
13 2 5
13 3 7
13 4 8
13 5 14
13 6 10
14 0 15
14 1 15
14 2 6
14 3 13
14 4 10
14 5 14
14 6 10
15 0 15
15 1 15
15 2 15
15 3 15
15 4 15
15 5 15
15 6 15
