15 7
0
1 4 6 7 
0 0 2
0 1 2
0 2 14
0 3 14
0 4 14
0 5 14
0 6 14
1 0 0
1 1 2
1 2 7
1 3 8
1 4 13
1 5 12
1 6 5
2 0 1
2 1 1
2 2 14
2 3 14
2 4 14
2 5 14
2 6 14
3 0 14
3 1 14
3 2 7
3 3 8
3 4 13
3 5 12
3 6 5
4 0 14
4 1 14
4 2 4
4 3 5
4 4 5
4 5 9
4 6 4
5 0 14
5 1 14
5 2 8
5 3 12
5 4 5
5 5 9
5 6 4
6 0 14
6 1 14
6 2 10
6 3 8
6 4 12
6 5 5
6 6 11
7 0 14
7 1 14
7 2 6
7 3 8
7 4 13
7 5 7
7 6 6
8 0 14
8 1 14
8 2 3
8 3 5
8 4 10
8 5 13
8 6 8
9 0 14
9 1 14
9 2 11
9 3 8
9 4 3
9 5 7
9 6 13
10 0 14
10 1 14
10 2 3
10 3 11
10 4 5
10 5 7
10 6 8
11 0 14
11 1 14
11 2 13
11 3 3
11 4 3
11 5 12
11 6 8
12 0 14
12 1 14
12 2 6
12 3 12
12 4 8
12 5 4
12 6 13
13 0 14
13 1 14
13 2 6
13 3 4
13 4 9
13 5 3
13 6 12
14 0 14
14 1 14
14 2 14
14 3 14
14 4 14
14 5 14
14 6 14
