16 7
0
0 1 2 3 10 11 
0 0 8
0 1 4
0 2 3
0 3 4
0 4 14
0 5 12
0 6 10
1 0 2
1 1 1
1 2 6
1 3 8
1 4 14
1 5 12
1 6 10
2 0 4
2 1 4
2 2 0
2 3 3
2 4 14
2 5 12
2 6 10
3 0 8
3 1 6
3 2 1
3 3 3
3 4 14
3 5 12
3 6 10
4 0 4
4 1 6
4 2 5
4 3 0
4 4 15
4 5 15
4 6 15
5 0 0
5 1 2
5 2 7
5 3 8
5 4 15
5 5 15
5 6 15
6 0 3
6 1 1
6 2 4
6 3 8
6 4 15
6 5 15
6 6 15
7 0 4
7 1 7
7 2 4
7 3 0
7 4 15
7 5 15
7 6 15
8 0 1
8 1 8
8 2 2
8 3 0
8 4 15
8 5 15
8 6 15
9 0 15
9 1 15
9 2 15
9 3 15
9 4 14
9 5 12
9 6 10
10 0 15
10 1 15
10 2 15
10 3 15
10 4 13
10 5 11
10 6 11
11 0 15
11 1 15
11 2 15
11 3 15
11 4 14
11 5 11
11 6 10
12 0 15
12 1 15
12 2 15
12 3 15
12 4 11
12 5 10
12 6 14
13 0 15
13 1 15
13 2 15
13 3 15
13 4 12
13 5 11
13 6 10
14 0 15
14 1 15
14 2 15
14 3 15
14 4 13
14 5 12
14 6 11
15 0 15
15 1 15
15 2 15
15 3 15
15 4 15
15 5 15
15 6 15
