19 8
0
1 2 7 9 10 
0 0 3
0 1 3
0 2 5
0 3 18
0 4 18
0 5 18
0 6 18
0 7 18
1 0 4
1 1 4
1 2 3
1 3 10
1 4 16
1 5 17
1 6 15
1 7 17
2 0 0
2 1 0
2 2 1
2 3 10
2 4 16
2 5 17
2 6 15
2 7 17
3 0 1
3 1 3
3 2 0
3 3 18
3 4 18
3 5 18
3 6 18
3 7 18
4 0 5
4 1 4
4 2 5
4 3 18
4 4 18
4 5 18
4 6 18
4 7 18
5 0 1
5 1 2
5 2 4
5 3 18
5 4 18
5 5 18
5 6 18
5 7 18
6 0 18
6 1 18
6 2 18
6 3 10
6 4 16
6 5 17
6 6 15
6 7 17
7 0 18
7 1 18
7 2 18
7 3 16
7 4 6
7 5 13
7 6 16
7 7 12
8 0 18
8 1 18
8 2 18
8 3 15
8 4 8
8 5 15
8 6 15
8 7 14
9 0 18
9 1 18
9 2 18
9 3 13
9 4 17
9 5 7
9 6 10
9 7 17
10 0 18
10 1 18
10 2 18
10 3 13
10 4 15
10 5 14
10 6 12
10 7 16
11 0 18
11 1 18
11 2 18
11 3 6
11 4 15
11 5 11
11 6 10
11 7 6
12 0 18
12 1 18
12 2 18
12 3 11
12 4 8
12 5 14
12 6 15
12 7 16
13 0 18
13 1 18
13 2 18
13 3 12
13 4 12
13 5 9
13 6 16
13 7 11
14 0 18
14 1 18
14 2 18
14 3 17
14 4 6
14 5 12
14 6 7
14 7 12
15 0 18
15 1 18
15 2 18
15 3 6
15 4 9
15 5 9
15 6 8
15 7 7
16 0 18
16 1 18
16 2 18
16 3 7
16 4 16
16 5 15
16 6 12
16 7 10
17 0 18
17 1 18
17 2 18
17 3 6
17 4 12
17 5 8
17 6 12
17 7 13
18 0 18
18 1 18
18 2 18
18 3 18
18 4 18
18 5 18
18 6 18
18 7 18
