14 7
0
1 3 4 11 
0 0 7
0 1 6
0 2 6
0 3 3
0 4 5
0 5 13
0 6 13
1 0 2
1 1 4
1 2 6
1 3 3
1 4 7
1 5 10
1 6 12
2 0 3
2 1 7
2 2 8
2 3 9
2 4 7
2 5 13
2 6 13
3 0 8
3 1 4
3 2 4
3 3 6
3 4 4
3 5 10
3 6 12
4 0 0
4 1 3
4 2 8
4 3 1
4 4 8
4 5 10
4 6 12
5 0 5
5 1 4
5 2 4
5 3 2
5 4 8
5 5 13
5 6 13
6 0 8
6 1 3
6 2 5
6 3 4
6 4 5
6 5 13
6 6 13
7 0 1
7 1 9
7 2 0
7 3 4
7 4 1
7 5 13
7 6 13
8 0 9
8 1 1
8 2 4
8 3 0
8 4 6
8 5 13
8 6 13
9 0 1
9 1 1
9 2 8
9 3 2
9 4 6
9 5 13
9 6 13
10 0 13
10 1 13
10 2 13
10 3 13
10 4 13
10 5 10
10 6 12
11 0 13
11 1 13
11 2 13
11 3 13
11 4 13
11 5 10
11 6 11
12 0 13
12 1 13
12 2 13
12 3 13
12 4 13
12 5 10
12 6 11
13 0 13
13 1 13
13 2 13
13 3 13
13 4 13
13 5 13
13 6 13
