21 9
0
1 3 4 10 11 12 13 
0 0 9
0 1 2
0 2 6
0 3 6
0 4 5
0 5 20
0 6 20
0 7 20
0 8 20
1 0 3
1 1 7
1 2 8
1 3 5
1 4 7
1 5 16
1 6 11
1 7 15
1 8 14
2 0 0
2 1 6
2 2 5
2 3 0
2 4 9
2 5 20
2 6 20
2 7 20
2 8 20
3 0 2
3 1 0
3 2 8
3 3 4
3 4 3
3 5 16
3 6 11
3 7 15
3 8 14
4 0 3
4 1 9
4 2 5
4 3 2
4 4 6
4 5 16
4 6 11
4 7 15
4 8 14
5 0 5
5 1 9
5 2 4
5 3 3
5 4 3
5 5 20
5 6 20
5 7 20
5 8 20
6 0 1
6 1 8
6 2 2
6 3 6
6 4 2
6 5 20
6 6 20
6 7 20
6 8 20
7 0 1
7 1 8
7 2 4
7 3 9
7 4 2
7 5 20
7 6 20
7 7 20
7 8 20
8 0 3
8 1 8
8 2 1
8 3 5
8 4 7
8 5 20
8 6 20
8 7 20
8 8 20
9 0 8
9 1 6
9 2 7
9 3 3
9 4 5
9 5 20
9 6 20
9 7 20
9 8 20
10 0 20
10 1 20
10 2 20
10 3 20
10 4 20
10 5 16
10 6 11
10 7 15
10 8 14
11 0 20
11 1 20
11 2 20
11 3 20
11 4 20
11 5 12
11 6 17
11 7 19
11 8 15
12 0 20
12 1 20
12 2 20
12 3 20
12 4 20
12 5 14
12 6 16
12 7 18
12 8 13
13 0 20
13 1 20
13 2 20
13 3 20
13 4 20
13 5 17
13 6 19
13 7 19
13 8 11
14 0 20
14 1 20
14 2 20
14 3 20
14 4 20
14 5 13
14 6 15
14 7 16
14 8 14
15 0 20
15 1 20
15 2 20
15 3 20
15 4 20
15 5 19
15 6 13
15 7 11
15 8 12
16 0 20
16 1 20
16 2 20
16 3 20
16 4 20
16 5 15
16 6 10
16 7 12
16 8 14
17 0 20
17 1 20
17 2 20
17 3 20
17 4 20
17 5 13
17 6 17
17 7 14
17 8 12
18 0 20
18 1 20
18 2 20
18 3 20
18 4 20
18 5 12
18 6 11
18 7 10
18 8 17
19 0 20
19 1 20
19 2 20
19 3 20
19 4 20
19 5 10
19 6 10
19 7 13
19 8 13
20 0 20
20 1 20
20 2 20
20 3 20
20 4 20
20 5 20
20 6 20
20 7 20
20 8 20
