22 9
0
0 1 2 3 10 12 13 
0 0 4
0 1 4
0 2 8
0 3 4
0 4 9
0 5 14
0 6 17
0 7 12
0 8 17
1 0 2
1 1 2
1 2 5
1 3 8
1 4 9
1 5 14
1 6 17
1 7 12
1 8 17
2 0 7
2 1 5
2 2 7
2 3 1
2 4 9
2 5 14
2 6 17
2 7 12
2 8 17
3 0 6
3 1 3
3 2 7
3 3 4
3 4 9
3 5 14
3 6 17
3 7 12
3 8 17
4 0 3
4 1 6
4 2 1
4 3 4
4 4 21
4 5 21
4 6 21
4 7 21
4 8 21
5 0 2
5 1 4
5 2 4
5 3 8
5 4 21
5 5 21
5 6 21
5 7 21
5 8 21
6 0 4
6 1 0
6 2 3
6 3 7
6 4 21
6 5 21
6 6 21
6 7 21
6 8 21
7 0 1
7 1 6
7 2 1
7 3 5
7 4 21
7 5 21
7 6 21
7 7 21
7 8 21
8 0 2
8 1 3
8 2 8
8 3 8
8 4 21
8 5 21
8 6 21
8 7 21
8 8 21
9 0 21
9 1 21
9 2 21
9 3 21
9 4 9
9 5 14
9 6 17
9 7 12
9 8 17
10 0 21
10 1 21
10 2 21
10 3 21
10 4 11
10 5 13
10 6 12
10 7 14
10 8 16
11 0 21
11 1 21
11 2 21
11 3 21
11 4 20
11 5 15
11 6 20
11 7 19
11 8 16
12 0 21
12 1 21
12 2 21
12 3 21
12 4 9
12 5 15
12 6 9
12 7 15
12 8 12
13 0 21
13 1 21
13 2 21
13 3 21
13 4 12
13 5 15
13 6 18
13 7 17
13 8 10
14 0 21
14 1 21
14 2 21
14 3 21
14 4 11
14 5 13
14 6 19
14 7 18
14 8 12
15 0 21
15 1 21
15 2 21
15 3 21
15 4 9
15 5 20
15 6 12
15 7 12
15 8 18
16 0 21
16 1 21
16 2 21
16 3 21
16 4 10
16 5 14
16 6 17
16 7 20
16 8 15
17 0 21
17 1 21
17 2 21
17 3 21
17 4 11
17 5 15
17 6 18
17 7 19
17 8 13
18 0 21
18 1 21
18 2 21
18 3 21
18 4 11
18 5 17
18 6 15
18 7 17
18 8 20
19 0 21
19 1 21
19 2 21
19 3 21
19 4 12
19 5 13
19 6 11
19 7 15
19 8 13
20 0 21
20 1 21
20 2 21
20 3 21
20 4 16
20 5 10
20 6 19
20 7 15
20 8 20
21 0 21
21 1 21
21 2 21
21 3 21
21 4 21
21 5 21
21 6 21
21 7 21
21 8 21
