15 6
0
1 5 6 7 8 
0 0 4
0 1 2
0 2 14
0 3 14
0 4 14
0 5 14
1 0 2
1 1 3
1 2 5
1 3 13
1 4 10
1 5 13
2 0 4
2 1 3
2 2 14
2 3 14
2 4 14
2 5 14
3 0 4
3 1 0
3 2 14
3 3 14
3 4 14
3 5 14
4 0 1
4 1 4
4 2 14
4 3 14
4 4 14
4 5 14
5 0 14
5 1 14
5 2 5
5 3 13
5 4 10
5 5 13
6 0 14
6 1 14
6 2 12
6 3 9
6 4 13
6 5 13
7 0 14
7 1 14
7 2 9
7 3 8
7 4 5
7 5 7
8 0 14
8 1 14
8 2 11
8 3 7
8 4 6
8 5 13
9 0 14
9 1 14
9 2 8
9 3 11
9 4 12
9 5 13
10 0 14
10 1 14
10 2 7
10 3 6
10 4 8
10 5 12
11 0 14
11 1 14
11 2 10
11 3 6
11 4 7
11 5 10
12 0 14
12 1 14
12 2 7
12 3 11
12 4 7
12 5 8
13 0 14
13 1 14
13 2 10
13 3 11
13 4 10
13 5 9
14 0 14
14 1 14
14 2 14
14 3 14
14 4 14
14 5 14
