14 6
0
0 1 2 3 10 
0 0 7
0 1 4
0 2 3
0 3 2
0 4 10
0 5 12
1 0 8
1 1 7
1 2 7
1 3 2
1 4 10
1 5 12
2 0 3
2 1 7
2 2 4
2 3 6
2 4 10
2 5 12
3 0 8
3 1 1
3 2 3
3 3 0
3 4 10
3 5 12
4 0 1
4 1 1
4 2 2
4 3 1
4 4 13
4 5 13
5 0 2
5 1 2
5 2 3
5 3 0
5 4 13
5 5 13
6 0 8
6 1 5
6 2 4
6 3 6
6 4 13
6 5 13
7 0 6
7 1 0
7 2 3
7 3 6
7 4 13
7 5 13
8 0 0
8 1 3
8 2 7
8 3 7
8 4 13
8 5 13
9 0 13
9 1 13
9 2 13
9 3 13
9 4 10
9 5 12
10 0 13
10 1 13
10 2 13
10 3 13
10 4 9
10 5 11
11 0 13
11 1 13
11 2 13
11 3 13
11 4 12
11 5 10
12 0 13
12 1 13
12 2 13
12 3 13
12 4 11
12 5 10
13 0 13
13 1 13
13 2 13
13 3 13
13 4 13
13 5 13
