15 6
0
1 4 5 6 7 
0 0 3
0 1 0
0 2 14
0 3 14
0 4 14
0 5 14
1 0 0
1 1 2
1 2 7
1 3 11
1 4 7
1 5 13
2 0 3
2 1 2
2 2 14
2 3 14
2 4 14
2 5 14
3 0 2
3 1 1
3 2 14
3 3 14
3 4 14
3 5 14
4 0 14
4 1 14
4 2 7
4 3 11
4 4 7
4 5 13
5 0 14
5 1 14
5 2 6
5 3 6
5 4 7
5 5 11
6 0 14
6 1 14
6 2 5
6 3 7
6 4 10
6 5 11
7 0 14
7 1 14
7 2 10
7 3 9
7 4 10
7 5 11
8 0 14
8 1 14
8 2 9
8 3 11
8 4 13
8 5 6
9 0 14
9 1 14
9 2 6
9 3 12
9 4 10
9 5 6
10 0 14
10 1 14
10 2 5
10 3 6
10 4 5
10 5 11
11 0 14
11 1 14
11 2 8
11 3 13
11 4 5
11 5 8
12 0 14
12 1 14
12 2 8
12 3 12
12 4 5
12 5 11
13 0 14
13 1 14
13 2 9
13 3 12
13 4 4
13 5 9
14 0 14
14 1 14
14 2 14
14 3 14
14 4 14
14 5 14
