15 7
0
1 3 4 11 
0 0 1
0 1 0
0 2 0
0 3 1
0 4 8
0 5 14
0 6 14
1 0 5
1 1 3
1 2 4
1 3 1
1 4 1
1 5 13
1 6 11
2 0 6
2 1 1
2 2 0
2 3 4
2 4 1
2 5 14
2 6 14
3 0 6
3 1 1
3 2 4
3 3 1
3 4 3
3 5 13
3 6 11
4 0 5
4 1 0
4 2 6
4 3 1
4 4 0
4 5 13
4 6 11
5 0 3
5 1 4
5 2 6
5 3 7
5 4 2
5 5 14
5 6 14
6 0 5
6 1 8
6 2 8
6 3 5
6 4 8
6 5 14
6 6 14
7 0 3
7 1 2
7 2 6
7 3 8
7 4 1
7 5 14
7 6 14
8 0 7
8 1 7
8 2 5
8 3 7
8 4 9
8 5 14
8 6 14
9 0 3
9 1 1
9 2 7
9 3 5
9 4 2
9 5 14
9 6 14
10 0 14
10 1 14
10 2 14
10 3 14
10 4 14
10 5 13
10 6 11
11 0 14
11 1 14
11 2 14
11 3 14
11 4 14
11 5 10
11 6 11
12 0 14
12 1 14
12 2 14
12 3 14
12 4 14
12 5 13
12 6 10
13 0 14
13 1 14
13 2 14
13 3 14
13 4 14
13 5 12
13 6 11
14 0 14
14 1 14
14 2 14
14 3 14
14 4 14
14 5 14
14 6 14
