15 6
0
0 1 2 3 11 
0 0 4
0 1 2
0 2 7
0 3 4
0 4 13
0 5 10
1 0 5
1 1 5
1 2 0
1 3 1
1 4 13
1 5 10
2 0 7
2 1 7
2 2 8
2 3 3
2 4 13
2 5 10
3 0 4
3 1 1
3 2 8
3 3 2
3 4 13
3 5 10
4 0 1
4 1 5
4 2 9
4 3 3
4 4 14
4 5 14
5 0 1
5 1 2
5 2 3
5 3 8
5 4 14
5 5 14
6 0 4
6 1 2
6 2 3
6 3 2
6 4 14
6 5 14
7 0 4
7 1 5
7 2 1
7 3 0
7 4 14
7 5 14
8 0 6
8 1 6
8 2 7
8 3 9
8 4 14
8 5 14
9 0 2
9 1 6
9 2 3
9 3 2
9 4 14
9 5 14
10 0 14
10 1 14
10 2 14
10 3 14
10 4 13
10 5 10
11 0 14
11 1 14
11 2 14
11 3 14
11 4 13
11 5 13
12 0 14
12 1 14
12 2 14
12 3 14
12 4 13
12 5 12
13 0 14
13 1 14
13 2 14
13 3 14
13 4 12
13 5 11
14 0 14
14 1 14
14 2 14
14 3 14
14 4 14
14 5 14
