17 8
0
1 3 4 12 13 
0 0 0
0 1 4
0 2 3
0 3 10
0 4 5
0 5 16
0 6 16
0 7 16
1 0 5
1 1 3
1 2 9
1 3 7
1 4 4
1 5 15
1 6 13
1 7 12
2 0 6
2 1 2
2 2 3
2 3 1
2 4 4
2 5 16
2 6 16
2 7 16
3 0 0
3 1 6
3 2 7
3 3 2
3 4 3
3 5 15
3 6 13
3 7 12
4 0 2
4 1 1
4 2 5
4 3 7
4 4 0
4 5 15
4 6 13
4 7 12
5 0 10
5 1 4
5 2 8
5 3 5
5 4 6
5 5 16
5 6 16
5 7 16
6 0 3
6 1 0
6 2 1
6 3 4
6 4 7
6 5 16
6 6 16
6 7 16
7 0 2
7 1 8
7 2 1
7 3 8
7 4 4
7 5 16
7 6 16
7 7 16
8 0 5
8 1 4
8 2 3
8 3 4
8 4 3
8 5 16
8 6 16
8 7 16
9 0 6
9 1 4
9 2 3
9 3 6
9 4 0
9 5 16
9 6 16
9 7 16
10 0 6
10 1 8
10 2 1
10 3 2
10 4 5
10 5 16
10 6 16
10 7 16
11 0 16
11 1 16
11 2 16
11 3 16
11 4 16
11 5 15
11 6 13
11 7 12
12 0 16
12 1 16
12 2 16
12 3 16
12 4 16
12 5 14
12 6 14
12 7 15
13 0 16
13 1 16
13 2 16
13 3 16
13 4 16
13 5 15
13 6 14
13 7 12
14 0 16
14 1 16
14 2 16
14 3 16
14 4 16
14 5 13
14 6 13
14 7 14
15 0 16
15 1 16
15 2 16
15 3 16
15 4 16
15 5 14
15 6 13
15 7 14
16 0 16
16 1 16
16 2 16
16 3 16
16 4 16
16 5 16
16 6 16
16 7 16
