14 6
0
0 1 2 3 10 
0 0 4
0 1 1
0 2 3
0 3 6
0 4 12
0 5 11
1 0 5
1 1 0
1 2 5
1 3 4
1 4 12
1 5 11
2 0 1
2 1 0
2 2 5
2 3 7
2 4 12
2 5 11
3 0 1
3 1 7
3 2 5
3 3 2
3 4 12
3 5 11
4 0 6
4 1 7
4 2 7
4 3 4
4 4 13
4 5 13
5 0 7
5 1 7
5 2 3
5 3 2
5 4 13
5 5 13
6 0 7
6 1 3
6 2 1
6 3 8
6 4 13
6 5 13
7 0 6
7 1 1
7 2 6
7 3 6
7 4 13
7 5 13
8 0 5
8 1 2
8 2 6
8 3 4
8 4 13
8 5 13
9 0 13
9 1 13
9 2 13
9 3 13
9 4 12
9 5 11
10 0 13
10 1 13
10 2 13
10 3 13
10 4 11
10 5 10
11 0 13
11 1 13
11 2 13
11 3 13
11 4 12
11 5 10
12 0 13
12 1 13
12 2 13
12 3 13
12 4 10
12 5 11
13 0 13
13 1 13
13 2 13
13 3 13
13 4 13
13 5 13
