25 10
0
1 3 4 13 15 16 
0 0 9
0 1 10
0 2 2
0 3 8
0 4 5
0 5 24
0 6 24
0 7 24
0 8 24
0 9 24
1 0 9
1 1 3
1 2 11
1 3 3
1 4 8
1 5 13
1 6 16
1 7 12
1 8 16
1 9 16
2 0 9
2 1 11
2 2 9
2 3 3
2 4 8
2 5 24
2 6 24
2 7 24
2 8 24
2 9 24
3 0 7
3 1 6
3 2 2
3 3 10
3 4 2
3 5 13
3 6 16
3 7 12
3 8 16
3 9 16
4 0 3
4 1 3
4 2 6
4 3 5
4 4 6
4 5 13
4 6 16
4 7 12
4 8 16
4 9 16
5 0 3
5 1 2
5 2 7
5 3 4
5 4 6
5 5 24
5 6 24
5 7 24
5 8 24
5 9 24
6 0 5
6 1 4
6 2 8
6 3 8
6 4 1
6 5 24
6 6 24
6 7 24
6 8 24
6 9 24
7 0 9
7 1 6
7 2 10
7 3 4
7 4 1
7 5 24
7 6 24
7 7 24
7 8 24
7 9 24
8 0 7
8 1 8
8 2 6
8 3 6
8 4 5
8 5 24
8 6 24
8 7 24
8 8 24
8 9 24
9 0 5
9 1 4
9 2 10
9 3 7
9 4 8
9 5 24
9 6 24
9 7 24
9 8 24
9 9 24
10 0 5
10 1 1
10 2 2
10 3 9
10 4 4
10 5 24
10 6 24
10 7 24
10 8 24
10 9 24
11 0 1
11 1 2
11 2 6
11 3 5
11 4 10
11 5 24
11 6 24
11 7 24
11 8 24
11 9 24
12 0 24
12 1 24
12 2 24
12 3 24
12 4 24
12 5 13
12 6 16
12 7 12
12 8 16
12 9 16
13 0 24
13 1 24
13 2 24
13 3 24
13 4 24
13 5 14
13 6 13
13 7 18
13 8 22
13 9 19
14 0 24
14 1 24
14 2 24
14 3 24
14 4 24
14 5 15
14 6 18
14 7 23
14 8 18
14 9 18
15 0 24
15 1 24
15 2 24
15 3 24
15 4 24
15 5 22
15 6 18
15 7 16
15 8 17
15 9 15
16 0 24
16 1 24
16 2 24
16 3 24
16 4 24
16 5 23
16 6 18
16 7 22
16 8 20
16 9 16
17 0 24
17 1 24
17 2 24
17 3 24
17 4 24
17 5 17
17 6 15
17 7 20
17 8 13
17 9 21
18 0 24
18 1 24
18 2 24
18 3 24
18 4 24
18 5 16
18 6 18
18 7 21
18 8 19
18 9 13
19 0 24
19 1 24
19 2 24
19 3 24
19 4 24
19 5 14
19 6 20
19 7 12
19 8 12
19 9 18
20 0 24
20 1 24
20 2 24
20 3 24
20 4 24
20 5 17
20 6 22
20 7 12
20 8 14
20 9 14
21 0 24
21 1 24
21 2 24
21 3 24
21 4 24
21 5 22
21 6 21
21 7 14
21 8 15
21 9 12
22 0 24
22 1 24
22 2 24
22 3 24
22 4 24
22 5 13
22 6 19
22 7 20
22 8 19
22 9 13
23 0 24
23 1 24
23 2 24
23 3 24
23 4 24
23 5 22
23 6 23
23 7 22
23 8 16
23 9 23
24 0 24
24 1 24
24 2 24
24 3 24
24 4 24
24 5 24
24 6 24
24 7 24
24 8 24
24 9 24
