16 6
0
0 1 2 3 11 
0 0 2
0 1 9
0 2 8
0 3 9
0 4 14
0 5 13
1 0 9
1 1 7
1 2 5
1 3 5
1 4 14
1 5 13
2 0 7
2 1 6
2 2 2
2 3 4
2 4 14
2 5 13
3 0 7
3 1 0
3 2 7
3 3 7
3 4 14
3 5 13
4 0 7
4 1 2
4 2 8
4 3 6
4 4 15
4 5 15
5 0 5
5 1 3
5 2 2
5 3 4
5 4 15
5 5 15
6 0 9
6 1 4
6 2 8
6 3 4
6 4 15
6 5 15
7 0 4
7 1 9
7 2 2
7 3 6
7 4 15
7 5 15
8 0 0
8 1 9
8 2 9
8 3 9
8 4 15
8 5 15
9 0 8
9 1 1
9 2 1
9 3 6
9 4 15
9 5 15
10 0 15
10 1 15
10 2 15
10 3 15
10 4 14
10 5 13
11 0 15
11 1 15
11 2 15
11 3 15
11 4 12
11 5 14
12 0 15
12 1 15
12 2 15
12 3 15
12 4 11
12 5 11
13 0 15
13 1 15
13 2 15
13 3 15
13 4 14
13 5 10
14 0 15
14 1 15
14 2 15
14 3 15
14 4 11
14 5 13
15 0 15
15 1 15
15 2 15
15 3 15
15 4 15
15 5 15
