13 6
0
1 3 4 5 6 
0 0 2
0 1 1
0 2 12
0 3 12
0 4 12
0 5 12
1 0 1
1 1 0
1 2 5
1 3 5
1 4 10
1 5 6
2 0 0
2 1 1
2 2 12
2 3 12
2 4 12
2 5 12
3 0 12
3 1 12
3 2 5
3 3 5
3 4 10
3 5 6
4 0 12
4 1 12
4 2 7
4 3 6
4 4 3
4 5 9
5 0 12
5 1 12
5 2 7
5 3 8
5 4 10
5 5 4
6 0 12
6 1 12
6 2 3
6 3 6
6 4 8
6 5 7
7 0 12
7 1 12
7 2 4
7 3 3
7 4 3
7 5 3
8 0 12
8 1 12
8 2 4
8 3 11
8 4 7
8 5 10
9 0 12
9 1 12
9 2 6
9 3 5
9 4 5
9 5 7
10 0 12
10 1 12
10 2 9
10 3 8
10 4 9
10 5 6
11 0 12
11 1 12
11 2 5
11 3 11
11 4 10
11 5 6
12 0 12
12 1 12
12 2 12
12 3 12
12 4 12
12 5 12
