18 7
0
1 6 8 9 
0 0 2
0 1 1
0 2 17
0 3 17
0 4 17
0 5 17
0 6 17
1 0 3
1 1 4
1 2 14
1 3 10
1 4 15
1 5 11
1 6 9
2 0 3
2 1 4
2 2 17
2 3 17
2 4 17
2 5 17
2 6 17
3 0 1
3 1 3
3 2 17
3 3 17
3 4 17
3 5 17
3 6 17
4 0 1
4 1 2
4 2 17
4 3 17
4 4 17
4 5 17
4 6 17
5 0 17
5 1 17
5 2 14
5 3 10
5 4 15
5 5 11
5 6 9
6 0 17
6 1 17
6 2 16
6 3 12
6 4 11
6 5 13
6 6 14
7 0 17
7 1 17
7 2 8
7 3 14
7 4 15
7 5 6
7 6 10
8 0 17
8 1 17
8 2 10
8 3 8
8 4 9
8 5 15
8 6 12
9 0 17
9 1 17
9 2 15
9 3 11
9 4 16
9 5 12
9 6 13
10 0 17
10 1 17
10 2 5
10 3 15
10 4 6
10 5 7
10 6 11
11 0 17
11 1 17
11 2 7
11 3 7
11 4 9
11 5 9
11 6 10
12 0 17
12 1 17
12 2 6
12 3 8
12 4 8
12 5 11
12 6 9
13 0 17
13 1 17
13 2 7
13 3 16
13 4 11
13 5 10
13 6 9
14 0 17
14 1 17
14 2 11
14 3 7
14 4 13
14 5 14
14 6 9
15 0 17
15 1 17
15 2 13
15 3 15
15 4 16
15 5 16
15 6 15
16 0 17
16 1 17
16 2 8
16 3 6
16 4 8
16 5 15
16 6 12
17 0 17
17 1 17
17 2 17
17 3 17
17 4 17
17 5 17
17 6 17
