17 8
0
0 2 3 8 10 11 
0 0 5
0 1 6
0 2 3
0 3 7
0 4 10
0 5 8
0 6 14
0 7 12
1 0 7
1 1 4
1 2 3
1 3 5
1 4 16
1 5 16
1 6 16
1 7 16
2 0 1
2 1 3
2 2 7
2 3 0
2 4 10
2 5 8
2 6 14
2 7 12
3 0 7
3 1 7
3 2 3
3 3 2
3 4 10
3 5 8
3 6 14
3 7 12
4 0 0
4 1 5
4 2 3
4 3 6
4 4 16
4 5 16
4 6 16
4 7 16
5 0 6
5 1 2
5 2 0
5 3 0
5 4 16
5 5 16
5 6 16
5 7 16
6 0 3
6 1 3
6 2 0
6 3 1
6 4 16
6 5 16
6 6 16
6 7 16
7 0 4
7 1 1
7 2 6
7 3 2
7 4 16
7 5 16
7 6 16
7 7 16
8 0 16
8 1 16
8 2 16
8 3 16
8 4 10
8 5 8
8 6 14
8 7 12
9 0 16
9 1 16
9 2 16
9 3 16
9 4 15
9 5 11
9 6 10
9 7 11
10 0 16
10 1 16
10 2 16
10 3 16
10 4 9
10 5 11
10 6 11
10 7 13
11 0 16
11 1 16
11 2 16
11 3 16
11 4 15
11 5 13
11 6 12
11 7 11
12 0 16
12 1 16
12 2 16
12 3 16
12 4 8
12 5 15
12 6 10
12 7 13
13 0 16
13 1 16
13 2 16
13 3 16
13 4 10
13 5 9
13 6 15
13 7 10
14 0 16
14 1 16
14 2 16
14 3 16
14 4 10
14 5 12
14 6 14
14 7 10
15 0 16
15 1 16
15 2 16
15 3 16
15 4 11
15 5 9
15 6 12
15 7 14
16 0 16
16 1 16
16 2 16
16 3 16
16 4 16
16 5 16
16 6 16
16 7 16
