15 6
0
0 1 2 3 11 
0 0 1
0 1 2
0 2 3
0 3 9
0 4 13
0 5 13
1 0 9
1 1 6
1 2 9
1 3 6
1 4 13
1 5 13
2 0 2
2 1 3
2 2 3
2 3 5
2 4 13
2 5 13
3 0 5
3 1 8
3 2 9
3 3 7
3 4 13
3 5 13
4 0 5
4 1 3
4 2 0
4 3 4
4 4 14
4 5 14
5 0 9
5 1 4
5 2 0
5 3 5
5 4 14
5 5 14
6 0 1
6 1 4
6 2 3
6 3 3
6 4 14
6 5 14
7 0 8
7 1 8
7 2 3
7 3 4
7 4 14
7 5 14
8 0 4
8 1 6
8 2 0
8 3 2
8 4 14
8 5 14
9 0 1
9 1 4
9 2 2
9 3 2
9 4 14
9 5 14
10 0 14
10 1 14
10 2 14
10 3 14
10 4 13
10 5 13
11 0 14
11 1 14
11 2 14
11 3 14
11 4 13
11 5 12
12 0 14
12 1 14
12 2 14
12 3 14
12 4 13
12 5 12
13 0 14
13 1 14
13 2 14
13 3 14
13 4 11
13 5 10
14 0 14
14 1 14
14 2 14
14 3 14
14 4 14
14 5 14
