21 9
0
0 1 2 3 10 12 13 
0 0 4
0 1 3
0 2 0
0 3 7
0 4 13
0 5 9
0 6 19
0 7 18
0 8 19
1 0 1
1 1 0
1 2 8
1 3 1
1 4 13
1 5 9
1 6 19
1 7 18
1 8 19
2 0 1
2 1 3
2 2 0
2 3 3
2 4 13
2 5 9
2 6 19
2 7 18
2 8 19
3 0 8
3 1 8
3 2 5
3 3 1
3 4 13
3 5 9
3 6 19
3 7 18
3 8 19
4 0 2
4 1 1
4 2 8
4 3 3
4 4 20
4 5 20
4 6 20
4 7 20
4 8 20
5 0 1
5 1 3
5 2 5
5 3 4
5 4 20
5 5 20
5 6 20
5 7 20
5 8 20
6 0 3
6 1 7
6 2 1
6 3 3
6 4 20
6 5 20
6 6 20
6 7 20
6 8 20
7 0 1
7 1 6
7 2 4
7 3 5
7 4 20
7 5 20
7 6 20
7 7 20
7 8 20
8 0 6
8 1 8
8 2 6
8 3 5
8 4 20
8 5 20
8 6 20
8 7 20
8 8 20
9 0 20
9 1 20
9 2 20
9 3 20
9 4 13
9 5 9
9 6 19
9 7 18
9 8 19
10 0 20
10 1 20
10 2 20
10 3 20
10 4 12
10 5 12
10 6 9
10 7 19
10 8 9
11 0 20
11 1 20
11 2 20
11 3 20
11 4 10
11 5 15
11 6 16
11 7 13
11 8 15
12 0 20
12 1 20
12 2 20
12 3 20
12 4 17
12 5 14
12 6 17
12 7 16
12 8 11
13 0 20
13 1 20
13 2 20
13 3 20
13 4 13
13 5 11
13 6 9
13 7 11
13 8 12
14 0 20
14 1 20
14 2 20
14 3 20
14 4 19
14 5 12
14 6 10
14 7 15
14 8 13
15 0 20
15 1 20
15 2 20
15 3 20
15 4 11
15 5 11
15 6 17
15 7 11
15 8 15
16 0 20
16 1 20
16 2 20
16 3 20
16 4 11
16 5 11
16 6 11
16 7 14
16 8 11
17 0 20
17 1 20
17 2 20
17 3 20
17 4 10
17 5 15
17 6 16
17 7 9
17 8 17
18 0 20
18 1 20
18 2 20
18 3 20
18 4 10
18 5 14
18 6 11
18 7 18
18 8 13
19 0 20
19 1 20
19 2 20
19 3 20
19 4 18
19 5 18
19 6 12
19 7 18
19 8 16
20 0 20
20 1 20
20 2 20
20 3 20
20 4 20
20 5 20
20 6 20
20 7 20
20 8 20
