20 9
0
0 1 2 3 10 12 13 
0 0 6
0 1 4
0 2 6
0 3 3
0 4 15
0 5 15
0 6 12
0 7 13
0 8 13
1 0 3
1 1 5
1 2 6
1 3 3
1 4 15
1 5 15
1 6 12
1 7 13
1 8 13
2 0 7
2 1 1
2 2 7
2 3 3
2 4 15
2 5 15
2 6 12
2 7 13
2 8 13
3 0 2
3 1 2
3 2 8
3 3 0
3 4 15
3 5 15
3 6 12
3 7 13
3 8 13
4 0 5
4 1 6
4 2 1
4 3 6
4 4 19
4 5 19
4 6 19
4 7 19
4 8 19
5 0 1
5 1 7
5 2 3
5 3 6
5 4 19
5 5 19
5 6 19
5 7 19
5 8 19
6 0 3
6 1 1
6 2 6
6 3 4
6 4 19
6 5 19
6 6 19
6 7 19
6 8 19
7 0 1
7 1 4
7 2 2
7 3 5
7 4 19
7 5 19
7 6 19
7 7 19
7 8 19
8 0 7
8 1 4
8 2 6
8 3 5
8 4 19
8 5 19
8 6 19
8 7 19
8 8 19
9 0 19
9 1 19
9 2 19
9 3 19
9 4 15
9 5 15
9 6 12
9 7 13
9 8 13
10 0 19
10 1 19
10 2 19
10 3 19
10 4 9
10 5 12
10 6 15
10 7 9
10 8 13
11 0 19
11 1 19
11 2 19
11 3 19
11 4 12
11 5 9
11 6 9
11 7 17
11 8 10
12 0 19
12 1 19
12 2 19
12 3 19
12 4 10
12 5 9
12 6 12
12 7 18
12 8 18
13 0 19
13 1 19
13 2 19
13 3 19
13 4 11
13 5 15
13 6 13
13 7 12
13 8 14
14 0 19
14 1 19
14 2 19
14 3 19
14 4 15
14 5 13
14 6 16
14 7 10
14 8 14
15 0 19
15 1 19
15 2 19
15 3 19
15 4 14
15 5 15
15 6 18
15 7 11
15 8 17
16 0 19
16 1 19
16 2 19
16 3 19
16 4 17
16 5 18
16 6 14
16 7 11
16 8 10
17 0 19
17 1 19
17 2 19
17 3 19
17 4 10
17 5 16
17 6 15
17 7 9
17 8 13
18 0 19
18 1 19
18 2 19
18 3 19
18 4 10
18 5 9
18 6 12
18 7 14
18 8 16
19 0 19
19 1 19
19 2 19
19 3 19
19 4 19
19 5 19
19 6 19
19 7 19
19 8 19
