19 8
0
1 2 7 9 10 
0 0 5
0 1 4
0 2 4
0 3 18
0 4 18
0 5 18
0 6 18
0 7 18
1 0 2
1 1 1
1 2 2
1 3 11
1 4 17
1 5 13
1 6 12
1 7 10
2 0 5
2 1 1
2 2 3
2 3 11
2 4 17
2 5 13
2 6 12
2 7 10
3 0 2
3 1 1
3 2 5
3 3 18
3 4 18
3 5 18
3 6 18
3 7 18
4 0 1
4 1 0
4 2 3
4 3 18
4 4 18
4 5 18
4 6 18
4 7 18
5 0 3
5 1 4
5 2 1
5 3 18
5 4 18
5 5 18
5 6 18
5 7 18
6 0 18
6 1 18
6 2 18
6 3 11
6 4 17
6 5 13
6 6 12
6 7 10
7 0 18
7 1 18
7 2 18
7 3 15
7 4 8
7 5 6
7 6 11
7 7 12
8 0 18
8 1 18
8 2 18
8 3 17
8 4 17
8 5 16
8 6 10
8 7 14
9 0 18
9 1 18
9 2 18
9 3 14
9 4 6
9 5 10
9 6 16
9 7 8
10 0 18
10 1 18
10 2 18
10 3 10
10 4 10
10 5 14
10 6 9
10 7 15
11 0 18
11 1 18
11 2 18
11 3 9
11 4 11
11 5 13
11 6 10
11 7 6
12 0 18
12 1 18
12 2 18
12 3 9
12 4 6
12 5 11
12 6 7
12 7 7
13 0 18
13 1 18
13 2 18
13 3 15
13 4 12
13 5 8
13 6 11
13 7 11
14 0 18
14 1 18
14 2 18
14 3 15
14 4 8
14 5 15
14 6 15
14 7 14
15 0 18
15 1 18
15 2 18
15 3 6
15 4 13
15 5 9
15 6 17
15 7 10
16 0 18
16 1 18
16 2 18
16 3 9
16 4 11
16 5 12
16 6 8
16 7 7
17 0 18
17 1 18
17 2 18
17 3 16
17 4 8
17 5 17
17 6 17
17 7 15
18 0 18
18 1 18
18 2 18
18 3 18
18 4 18
18 5 18
18 6 18
18 7 18
