17 7
0
1 2 6 7 8 9 
0 0 0
0 1 5
0 2 5
0 3 16
0 4 16
0 5 16
0 6 16
1 0 2
1 1 2
1 2 0
1 3 13
1 4 7
1 5 15
1 6 15
2 0 3
2 1 3
2 2 4
2 3 13
2 4 7
2 5 15
2 6 15
3 0 4
3 1 5
3 2 1
3 3 16
3 4 16
3 5 16
3 6 16
4 0 1
4 1 1
4 2 3
4 3 16
4 4 16
4 5 16
4 6 16
5 0 0
5 1 3
5 2 1
5 3 16
5 4 16
5 5 16
5 6 16
6 0 16
6 1 16
6 2 16
6 3 13
6 4 7
6 5 15
6 6 15
7 0 16
7 1 16
7 2 16
7 3 13
7 4 12
7 5 14
7 6 10
8 0 16
8 1 16
8 2 16
8 3 15
8 4 8
8 5 10
8 6 10
9 0 16
9 1 16
9 2 16
9 3 15
9 4 10
9 5 6
9 6 15
10 0 16
10 1 16
10 2 16
10 3 14
10 4 13
10 5 12
10 6 12
11 0 16
11 1 16
11 2 16
11 3 9
11 4 9
11 5 10
11 6 11
12 0 16
12 1 16
12 2 16
12 3 7
12 4 15
12 5 9
12 6 15
13 0 16
13 1 16
13 2 16
13 3 6
13 4 10
13 5 8
13 6 9
14 0 16
14 1 16
14 2 16
14 3 11
14 4 11
14 5 7
14 6 10
15 0 16
15 1 16
15 2 16
15 3 7
15 4 9
15 5 12
15 6 13
16 0 16
16 1 16
16 2 16
16 3 16
16 4 16
16 5 16
16 6 16
