18 7
0
1 6 8 9 
0 0 2
0 1 0
0 2 17
0 3 17
0 4 17
0 5 17
0 6 17
1 0 1
1 1 1
1 2 11
1 3 7
1 4 5
1 5 16
1 6 16
2 0 3
2 1 4
2 2 17
2 3 17
2 4 17
2 5 17
2 6 17
3 0 4
3 1 1
3 2 17
3 3 17
3 4 17
3 5 17
3 6 17
4 0 1
4 1 3
4 2 17
4 3 17
4 4 17
4 5 17
4 6 17
5 0 17
5 1 17
5 2 11
5 3 7
5 4 5
5 5 16
5 6 16
6 0 17
6 1 17
6 2 11
6 3 10
6 4 15
6 5 12
6 6 10
7 0 17
7 1 17
7 2 14
7 3 16
7 4 8
7 5 7
7 6 10
8 0 17
8 1 17
8 2 12
8 3 9
8 4 6
8 5 10
8 6 5
9 0 17
9 1 17
9 2 13
9 3 9
9 4 9
9 5 5
9 6 10
10 0 17
10 1 17
10 2 12
10 3 12
10 4 7
10 5 9
10 6 7
11 0 17
11 1 17
11 2 12
11 3 16
11 4 5
11 5 7
11 6 7
12 0 17
12 1 17
12 2 8
12 3 7
12 4 15
12 5 14
12 6 5
13 0 17
13 1 17
13 2 10
13 3 13
13 4 12
13 5 7
13 6 9
14 0 17
14 1 17
14 2 16
14 3 13
14 4 14
14 5 13
14 6 9
15 0 17
15 1 17
15 2 13
15 3 6
15 4 8
15 5 7
15 6 9
16 0 17
16 1 17
16 2 10
16 3 7
16 4 6
16 5 15
16 6 11
17 0 17
17 1 17
17 2 17
17 3 17
17 4 17
17 5 17
17 6 17
