15 7
0
1 3 4 11 
0 0 9
0 1 5
0 2 3
0 3 9
0 4 5
0 5 14
0 6 14
1 0 0
1 1 7
1 2 6
1 3 3
1 4 3
1 5 12
1 6 13
2 0 5
2 1 0
2 2 4
2 3 6
2 4 4
2 5 14
2 6 14
3 0 6
3 1 7
3 2 2
3 3 6
3 4 7
3 5 12
3 6 13
4 0 0
4 1 9
4 2 5
4 3 4
4 4 7
4 5 12
4 6 13
5 0 3
5 1 8
5 2 0
5 3 5
5 4 0
5 5 14
5 6 14
6 0 9
6 1 9
6 2 6
6 3 1
6 4 9
6 5 14
6 6 14
7 0 6
7 1 8
7 2 5
7 3 2
7 4 8
7 5 14
7 6 14
8 0 6
8 1 5
8 2 3
8 3 0
8 4 6
8 5 14
8 6 14
9 0 2
9 1 8
9 2 4
9 3 7
9 4 1
9 5 14
9 6 14
10 0 14
10 1 14
10 2 14
10 3 14
10 4 14
10 5 12
10 6 13
11 0 14
11 1 14
11 2 14
11 3 14
11 4 14
11 5 12
11 6 11
12 0 14
12 1 14
12 2 14
12 3 14
12 4 14
12 5 13
12 6 10
13 0 14
13 1 14
13 2 14
13 3 14
13 4 14
13 5 10
13 6 11
14 0 14
14 1 14
14 2 14
14 3 14
14 4 14
14 5 14
14 6 14
