21 9
0
1 3 4 12 14 15 
0 0 4
0 1 0
0 2 8
0 3 10
0 4 5
0 5 20
0 6 20
0 7 20
0 8 20
1 0 9
1 1 9
1 2 0
1 3 3
1 4 4
1 5 12
1 6 15
1 7 19
1 8 18
2 0 3
2 1 1
2 2 2
2 3 9
2 4 9
2 5 20
2 6 20
2 7 20
2 8 20
3 0 9
3 1 6
3 2 10
3 3 1
3 4 1
3 5 12
3 6 15
3 7 19
3 8 18
4 0 10
4 1 7
4 2 2
4 3 8
4 4 3
4 5 12
4 6 15
4 7 19
4 8 18
5 0 6
5 1 10
5 2 4
5 3 3
5 4 9
5 5 20
5 6 20
5 7 20
5 8 20
6 0 8
6 1 1
6 2 6
6 3 1
6 4 3
6 5 20
6 6 20
6 7 20
6 8 20
7 0 1
7 1 2
7 2 5
7 3 6
7 4 11
7 5 20
7 6 20
7 7 20
7 8 20
8 0 1
8 1 7
8 2 11
8 3 3
8 4 0
8 5 20
8 6 20
8 7 20
8 8 20
9 0 5
9 1 1
9 2 11
9 3 3
9 4 9
9 5 20
9 6 20
9 7 20
9 8 20
10 0 9
10 1 4
10 2 9
10 3 3
10 4 5
10 5 20
10 6 20
10 7 20
10 8 20
11 0 10
11 1 4
11 2 10
11 3 4
11 4 11
11 5 20
11 6 20
11 7 20
11 8 20
12 0 20
12 1 20
12 2 20
12 3 20
12 4 20
12 5 12
12 6 15
12 7 19
12 8 18
13 0 20
13 1 20
13 2 20
13 3 20
13 4 20
13 5 15
13 6 15
13 7 15
13 8 13
14 0 20
14 1 20
14 2 20
14 3 20
14 4 20
14 5 13
14 6 18
14 7 17
14 8 12
15 0 20
15 1 20
15 2 20
15 3 20
15 4 20
15 5 19
15 6 15
15 7 17
15 8 16
16 0 20
16 1 20
16 2 20
16 3 20
16 4 20
16 5 14
16 6 15
16 7 15
16 8 12
17 0 20
17 1 20
17 2 20
17 3 20
17 4 20
17 5 14
17 6 13
17 7 18
17 8 19
18 0 20
18 1 20
18 2 20
18 3 20
18 4 20
18 5 16
18 6 18
18 7 19
18 8 14
19 0 20
19 1 20
19 2 20
19 3 20
19 4 20
19 5 12
19 6 19
19 7 17
19 8 15
20 0 20
20 1 20
20 2 20
20 3 20
20 4 20
20 5 20
20 6 20
20 7 20
20 8 20
